320
248
467
293
98
58
118
47
143
377
423
314
148
558
373
520
308
57
440
51
506
537
204
573
270
224
9
356
49
332
560
83
257
142
451
452
421
453
135
538
411
171
2
511
416
86
221
297
501
213
70
7
65
188
97
334
179
84
575
428
106
280
173
436
253
261
23
94
33
154
323
424
281
152
493
450
29
425
330
68
10
386
264
202
427
150
64
26
557
252
211
385
591
183
8
73
233
395
13
564
561
32
497
45
92
159
589
335
241
544
559
177
103
160
359
568
510
196
108
185
375
482
41
516
139
112
431
56
69
586
552
390
205
500
365
116
296
43
502
110
212
282
307
256
539
348
316
125
509
302
274
305
39
18
126
474
508
473
34
85
361
214
247
442
358
71
513
114
381
42
251
366
217
218
551
496
298
236
310
186
149
244
590
300
547
176
588
101
468
344
383
246
195
463
499
74
484
155
209
222
491
311
357
28
461
14
55
389
494
166
216
579
231
151
219
321
117
72
187
342
542
371
471
325
585
136
514
17
338
104
174
318
333
35
36
388
229
292
578
44
11
449
245
593
27
347
543
31
170
201
445
194
479
30
485
459
343
269
398
540
12
487
87
295
128
329
592
250
570
483
249
130
96
426
123
80
394
145
546
291
577
313
19
93
144
167
24
156
67
153
223
478
464
350
374
403
469
165
341
372
447
172
498
556
15
534
444
306
6
404
572
301
119
518
146
124
220
410
562
555
16
565
115
349
299
351
571
225
418
3
215
379
199
255
563
492
574
273
25
89
576
5
408
396
228
230
488
322
422
587
315
88
50
203
226
324
99
477
227
206
458
490
309
40
63
460
413
462
524
259
412
531
197
569
326
169
22
157
548
530
345
584
581
567
303
346
111
566
443
331
178
294
435
382
4
190
200
242
175
163
254
580
446
279
134
582
235
182
523
90
328
234
113
384
429
541
402
0
131
100
545
184
583
481
327
304
397
362
405
66
38
127
387
364
414
208
525
1
37
441
432
161
61
406
21
550
46
133
20
232
380
378
554
409
59
141
526
515
275
337
198
465
454
340
95
276
91
312
54
495
158
75
53
239
521
339
399
527
549
522
532
60
503
48
132
109
336
207
52
317
553
438
519
181
191
533
62
486
367
448
168
105
319
193
352
528
470
210
439
237
354
147
122
164
529
536
192
82
355
535
353
360
363
189
480
370
129
368
121
369
489
393
507
401
102
120
243
107
81
162
407
138
140
137
76
277
79
240
77
238
376
400
180
78
265
392
258
268
417
260
517
278
284
267
285
288
286
263
271
437
272
283
430
287
504
262
433
512
266
290
289
391
415
505
457
419
420
434
472
466
456
475
476
455
