585
440
535
314
320
167
335
312
166
63
306
428
39
96
324
228
462
457
76
427
370
472
445
584
66
254
532
388
40
106
294
448
423
412
25
321
405
329
278
588
26
100
476
190
514
304
522
86
188
410
124
169
372
488
233
396
438
541
3
387
176
94
345
103
298
374
43
364
565
28
379
284
297
72
463
373
90
296
54
129
250
184
337
219
46
353
539
493
92
540
44
24
323
369
338
55
478
292
446
183
414
471
466
407
566
589
145
143
223
119
128
346
515
0
206
171
432
482
125
431
263
441
477
404
131
569
525
575
313
276
533
80
395
178
33
177
71
467
436
200
47
543
479
88
536
16
265
160
494
257
526
451
318
397
349
207
255
368
563
330
319
64
475
366
548
449
211
258
545
42
528
48
381
208
12
354
231
244
49
411
592
310
114
221
261
6
157
159
558
562
481
568
246
517
556
98
382
452
69
383
465
120
182
50
492
474
376
409
406
500
191
518
450
134
121
483
97
2
280
529
480
158
485
360
95
51
289
248
152
209
521
393
434
104
537
113
458
547
567
197
52
213
576
421
586
101
361
23
132
355
437
99
311
139
268
511
1
56
193
93
439
491
149
243
453
470
260
4
469
534
38
454
102
109
402
435
375
53
105
37
108
473
9
352
417
557
420
41
126
542
10
302
110
235
57
497
301
334
5
224
196
322
394
162
559
582
468
357
89
358
256
385
179
82
523
587
378
359
418
459
377
130
15
269
403
175
107
505
464
87
347
564
85
187
32
399
307
344
429
447
195
530
148
220
560
285
185
309
550
249
133
229
274
151
561
590
538
433
400
138
8
348
356
339
252
144
81
317
367
531
578
168
498
253
392
142
172
316
84
519
499
386
308
456
140
73
45
34
520
58
351
22
79
7
544
186
305
524
398
593
232
210
216
315
270
326
77
507
527
59
68
430
401
21
416
181
18
484
91
141
591
577
391
198
127
203
425
455
350
20
583
11
579
384
13
17
343
581
154
512
442
27
146
150
342
580
389
340
78
510
336
460
571
390
173
422
489
192
380
426
461
551
331
332
502
251
371
303
155
242
546
70
234
83
35
327
19
199
14
123
122
75
516
74
112
117
194
29
362
509
487
486
572
419
135
549
496
161
281
443
365
444
495
31
490
513
325
247
30
147
504
363
573
341
212
300
554
424
413
189
259
415
503
218
67
299
137
163
201
408
574
570
65
553
227
165
275
501
136
245
552
240
111
555
508
506
333
328
118
62
115
36
156
153
60
225
236
180
116
61
241
222
264
239
164
174
237
238
170
226
230
202
282
262
277
283
204
205
215
279
214
266
291
217
286
290
271
273
287
293
272
288
295
267
